category	text
Positive	ಈ ಹಾಡನ್ನು ಹಾಡಿದ ವಿಜಯ ಪ್ರಕಾಶ voice ಯಾರಿಗೆಲ್ಲಾ ಇಷ್ಟವಾಗಿದೆ ಲೈಕ್ ಮಾಡಿಗಾಳಿ ಮಾತಿನ ಬಜಾರು ಸುದ್ದಿ ಸಾರಿದೆ..........@@@@
Positive	Jai D Boss
Positive	Signature move
Positive	Super song bro
Positive	Wow  Super agi helidira sir
Positive	Waiting  ASN
Positive	Film nodidmele ee song ge addict aadavaru like maadinYalllrigu thanks for 1000 likes
Positive	I like it
Positive	Avanige gaya vasi agbeku andre..avnu krishna na bhakti madi..vasi madbeku eela Kaliyuga nasa agbeku
Positive	ಚಂದನ್ ಶೆಟ್ಟಿ ಟ್ರೊಲ್ ವಿಡಿಯೋ ನೀವು ನೋಡಿ ನೆಗಡ್ಡೆ ಇದ್ರೆ ನಾವ್ ಗ್ಯಾರಂಟಿ
Positive	ಮೊದಲು ನಿನ್ನ ಗುಲಾಮು ಜಾಮ್ ಬಿದ್ದಿದ್ದ ನೋಡು
Positive	Sir nanu china apps na delete ಮಾಡಿದೀನಿ sir
Positive	super songs super steps
Positive	@Mithun KUDLA Kannadadalli nodi... Kannada version views jaasti maadi...
Positive	Supper bro chenngi ugdidira.🤝🤝🤝
Positive	ನಾನು ಸುಮಾರು ಈ ಹಾಡನ್ನು ಹದಿನೈದು ಬಾರಿ ನೋಡಿದ್ದೇನೆ ಯಾಕೆ ಗೊತ್ತಿಲ್ಲ ಇನ್ನು ನೋಡಬೇಕು ನೋಡಬೇಕು ಅನಿಸುತ್ತದೆ... ಅದೇತರ ಒಂದಕ್ಕಿಂತ ಹೆಚ್ಚು ಬಾರಿ ನೋಡುತ್ತಲೇ ಇರುವವರು ಲೈಕ್ ಮಾಡಿ
Positive	Nimmamman hogi alli kelsa madu gothagute
Positive	Idu charitrae srushtiso Cinemannae🤘
Positive	Yakappa yenaytu.. movie swalpa length jasti adre movie chennagide.
Positive	Enn Guru BGM .chindhi maadbitte
Positive	ಚಂದನ್ ಶೆಟ್ಟಿ ಟ್ರೊಲ್ ವಿಡಿಯೋ ನೀವು ನೋಡಿ ನೆಗಡ್ಡೆ ಇದ್ರೆ ನಾವ್ ಗ್ಯಾರಂಟಿ
Positive	ನಾನು ಸಣ್ಣಾವಿದ್ಧಾಗ ನಮ್ಮ ಅಜ್ಜ
Positive	Ban maadirodakke tumba thanks matte ee tara aap barde irali
Positive	Jai D bossssssssssssssssssss fan hits like
Positive	Please upload drama song
Positive	As a D BOSS fan i support all kannada actors & Kannada movies
Positive	Super voice sir
Positive	God bless u ashwath Sir nimma harogya chennagirali
Positive	ಈ ಚಿತ್ರದಲ್ಲಿ ಯಾವ್ ರೇಂಜ್ ಗೆ ಗ್ರಾಫಿಕ್ಸ್ ಮಾಡಿದ್ದಾರೆ ಅಂತ ಮತ್ತೊಬ್ಬ vfx ಆರ್ಟಿಸ್ಟ್ ಗೆ ಗೊತ್ತಾಗೋದು
Positive	All are fake
Positive	Illa guru.. Ashwatama na.. Bhaashe ivrige. Barutte ansutte....
Positive	Ultimate bgm fantastic song
Positive	god bless you sir
Positive	Nagaraj h Jagavar a
Positive	@Nandi Parthasarathi ನಂದಿನಿ ಅವ್ರೆ ನಿಮ್ಮ ಹಾಲು ತುಂಬಾ ಕಾಸ್ಟ್ಲಿ ಅಂತೇ ಹೌದ
Positive	Super boss nMake more vedio
Positive	ಡುಬೇಕ್ add ಕಾನುನುಬದ್ದವಾಗಿದೆಯ??? ಇಂಜಿನಿಯರಿಂಗ್ ಮಾಡಿ ಕೆಲಸ ಮಾಡೊದ ಬಿಟ್ಟು ಜೂಜ್ ಆಡ್ತನಂತೆ ಲಕ್ಷ  ಕಳೆದುಕೊಂಡು ಮೇಲೆ ಬುದ್ಧಿ ಬರತ್ತೆ
Positive	ನೋವು ನಲಿವಿಗೆ ಕಾರಣ...nಅವನೇ ಶ್ರೀಮನ್ನಾರಾಯಣ
Positive	sp song jai D. Boss
Positive	Amazing song
Positive	First time kannada movie film video song full bittirodu
Positive	Amazon prime music ali ide.
Positive	ನಿಜವಾದ ಕನ್ನಡಿಗರು ಲೈಕ್ ಮಾಡಿ ಈ ಸಿನಿಮಾ ನಮ್ಮ ಸಿನಿಮಾ ಎಂದು ಗೆಲ್ಲಿಸೋಣ
Positive	ಗೋಲ್ಡನ್ ಸ್ಟಾರ್ ಗಣೇಶ್ ಅಭಿಮಾನಿಗಳಿಂದ all the best
Positive	I am kiccha fans super song
Positive	Super song
Positive	@Shridhar T P iuuuiiuuua12l99iiiikkkjjmddeo01pokksķoo9919kkuuiuluuuuuuľiiii
Positive	ನಾನು ಅವರ ಫ್ಯಾನ್
Positive	naavu childhood days valag e story kelidde
Positive	Sir nevu Mele bande bartiraa Neman tuldavru nem kaladi bartare aga nem time
Positive	Nanu eduvaregu tik tok app install kuda madilla nan phone alli. Bro ede tara videos madi tik tok alli saitirorna ennomme tik tok hesar keladre bhaya padbeku aaa tara rost madi bro
Positive	Steps r just lit
Positive	ನನ್ನ ಪ್ರಕಾರ ಈ ಫಿಲ್ಮ್ ಅನ್ನು re-release ಮಾಡಸಬೇಕು
Positive	ಬಸವರಾಜ ಕೆಂಚರಡ್ಡಿ super
Positive	ಹೌದೋ ಹುಲಿಯ
Positive	Olledaytu bidi mem
Positive	Kera togondu odebeku nana magana
Positive	Idella nam indiadaroge buddi barbeku alwa idkela tale odisidre navu yavthu munfe hogtifvi illi enidu hinduthwa jathi jagala idela beka tale odistare adrindane etara agtide
Positive	En edit madidya guru
Positive	Bro.... Suprb......ur voice is amazing....?!!!
Positive	ನಿನಕ್ಕೂ ತುಂಬಾ ಪ್ರಾಮಿಸಿಂಗ್ ಆಗಿದೆ ಟ್ರೈಲರ್.... ಟ್ರೈಲರ್ ನೋಡ್ತಾ ಇದ್ರೆ ಸಿನೆಮಾ ನೋಡಬೇಕು ಅಂತ ಅನ್ಸುತ್ತೆ... ಪ್ರಜ್ವಲ್ ಸಿನಿ ಲೈಫ್ ಗೆ ಟರ್ನಿಂಗ್ ಕೊಡೋ ತರ ಇದೆ.. ಒಳ್ಳೆಯದಾಗಲಿ ಜಂಟಲ್ ಮನ್ ಸಿನಿಮಾ ಟೀಮ್ ಗೆ ಹಾಗೂ ಪ್ರಜ್ವಲ್ ದೇವರಾಜ್ ಗೆ....
Positive	ಚರಿತ್ರೆ ಸೃಷ್ಟಿಸೋ ಅವತಾರಾ nLove you boss
Positive	@pruthvisagar sagar but create hindi muslim divide
Positive	ಏನ್ ಹೇಳಿದಿ ಗುರೂ.. ಸೂಪರ್ ಬಾಸ್n...
Positive	Nan nimm movie na theatre alle nodtini ...
Positive	Nam mane gu bandida
Positive	Super guru tq
Positive	sir nivu thumba olle talent  iruva actor swalpa deha kammi madi modalnage stayilish agi idre nivu modalinage form ge barthira
Positive	Addu. Pubg alla. Guru.  Sumney. Elbedda
Positive	Awesome song
Positive	Modi modi nYes papanBanning tik tok nNo papan58 apps nHahaaaaaaa🤣
Positive	@funny videos nAyyo Mang badde thadhe.. n ಅಚ್ಚಗನ್ನಡ ಹಚ್ಚಗನ್ನಡ.nಅಚ್ಚಗನ್ನಡ ಸಾಮಾನ್ಯವಾಗಿ ಬಳಸುವುದು ವಾಡಿಕೆ.nಹಚ್ಚಹಸಿರು ಪದದಲ್ಲಿ ಹಸಿರನ್ನು ಉನ್ನತೀಕರಣಗೊಳಿಸಿ
Positive	ಇಪ್ಪತೈದು ವರ್ಷಗಳ ಹಿಂದೆ ಕೇಳಿದ್ದು ಮತ್ತೆ ಕೇಳಿದಾಗ ತುಂಬಾ ಸಂತೋಷ ವಾಯಿತು
Positive	ಕ್ಲೈಮಾಕ್ಸ್ ಚೇಂಜ್ ಮಾಡಿ ರೀ ರಿಲೀಸ್ ಮಾಡಿ ಚಿತ್ರ ಸುಪರ್ ಹಿಟ್ ಆಗುತ್ತೆ ಗ್ಯಾರೆಂಟಿ
Positive	Guru Pub G game.....
Positive	Good job bro
Positive	Namma galli goo bandiddru ashwatthama
Positive	ಅವಾಗ  ಕಬ್ಜ. ದರ್ಶನ. ಇವ್ರೆಲ್ಲಾ ಬಂದು  ಕೆಡವಕ್ತಾರೆ.
Positive	Hahahaha  LoL nIdiot beggar get lost.
Positive	ಲಾಕ್ ಡೌನ್ ಸಮಯದಲ್ಲಿ ಕಾರ್ಮಿಕರು ವಲಸಿಗರು ರೆಸ್ತೆ ಮೇಲೆ ನಡೆದುಕೊಂಡು ಹೋಗುತ್ತಿರುವ ವಿಡೀಯೋಗಳನ್ನ tiktak ನಲ್ಲಿ ಜನರಿಗೆ ತೋರಿಸಲಾಯಿತ್ತು ....ಈ tiktak ಇಲ್ಲ ಅಂದಿದ್ದರೆ ಈ ದಳ್ಳಾಳಿ ಮಿಡಿಯಾ ಬುಲೆಟ್ ಟ್ರೈನ್ ಅಲ್ಲಿ ಹೋಗುವ ಆಗೆ ಜನರಿಗೆ ತೋರಿಸುತ್ತಿದ್ದರು... ಜನರಿಂದ ಜನರಿಗೆ ಮಾಹಿತಿ ತಿಳಿಯುತ್ತಿತ್ತು...‌ ಇದರಲ್ಲಿ ಸಾದಕ ಬಾದಕ ಇದೆ..ಆದರೆ ಕೆಲ ಬಡ ಮಕ್ಕಳ ಟ್ಯಾಲೆಂಟ್‌ ಹೊರ ಜಗತ್ತಿಗೆ ತಲುಪುತ್ತಿತ್ತು.. ಏನು ಮಾಡೋದು ಈ ಕೆಲ ಜನ tiktak ban ಮಾಡಿದ್ದರೆ ದೇಶಭಕ್ತಿ ತರ ಫೋಸ್ ಕೊಡೋದು ನೋಡಿದರೆ .ಅಸಹ್ಯ ಆಗುತ್ತದೆ.. ಒಳ್ಳೆಯದನ್ನು ತಗೋಳಿ...ನಮ್ಮ ಹೆಮ್ಮೆಯ ಸೈನಿಕರಿಗೆ ಒಳ್ಳೆಯ ಆಹಾರ ಮತ್ತು ಸವಲತ್ತು ಒದಗಿಸಿ .ಮತ್ತು ಚೈನಾ ಬಂಡವಾಳ ಹೂಡಿಕೆಗಳನ್ನ ನಿಲ್ಲಿಸಿ... ಯಾವ ನಿಮ್ಮ ಯೋಗ್ಯತೆಗೆ ಸಣ್ಣ ಕೈಗಾರಿಕೆಗಳನ್ನ ಬುಡ ಸಮೇತ ಕಿತ್ತು.... ಅವರನ್ನ ರಸ್ತೆಗೆ ತಂದವರು ಯಾರು... ದೇಶಭಕ್ತಿಯ ಹೆಸರಲ್ಲಿ ನಮ್ಮ ದೇಶದ ಜನಗಳ ಮೇಲೆ ದಬ್ಬಾಳಿಕೆ ಮಾಡುವ ಜನರನ್ನ ಮೊದಲು ಒದ್ದು ಹೊಡಿಸಬೇಕು...ಜೈಭಾರತ್
Positive	ಮ್ಯೂಸಿಕ್ ಡೈರೆಕ್ಟರ್ ಗೆ ಒಂದು ದೊಡ್ಡ ಸಲಾಂ ಯಾವುದೋ ಲೋಕಕ್ಕೆ ಹೋಗಿ ಬಂದಂಗಾಯ್ತು.. ನಿಜಕ್ಕೂ ಸಂಗೀತ ಮಾಂತ್ರಿಕ ಅಂದ್ರೆ ಇವ್ರರೆ
Positive	Fan war shuru madbeda guru
Positive	adeno gottilla tumba ista ayta nimage???
Positive	ಹೊಸ ಪ್ರಯೋಗ ಯಶಸ್ಸು ಸಿಗಲಿ.
Positive	ಹೌದೋ ಹುಲಿಯಾ.....ಹಾಡು ಸೂ..............ಪರ್..................
Positive	@Ŕävîñđŕå_02_GøWđřú neenu beedhi soole maga.... neene bandu keliddu.... nan paadig naan comment maadidde.... Oh neev italy yavru alva lowdre.....?
Positive	Gandu loafer jeena
Positive	Bindu gowda ge sariyyagi batthi itree sir ..super sir neevu
Positive	Dilip Singh Dilip dalit Sangh Ambedkar Dalit Singh song
Positive	Super song
Positive	Rasmika ಅಜ್ಞಾತ 🥀🥀
Positive	465 Lashmika fans found🤣
Positive	ನೀನು ಸೂಪರ್ ಗುರು  ಆದರೆ ನಮ್ಮ ಈಗಿನ ಯುವ ಜನತೆ ಯಾಕೆ ಎ ತರ ಸಮಯ ಅಲ್ಮಾಡ್ತಾರೋ ಗೊತ್ತಿಲ
Positive	Bro hubli Mandi voice nallu madi chennagiruthe
Positive	Song ge unlike kotiroo sulimakala
Positive	ಸೂಪರ್ ಗುರು ಟಿಕ್ ಟಾಕ್ ಗಳಿಗೆ ಮೆಟ್ಟಿನಲ್ಲಿ ಓದಿದ್ದೀಯಾ ನನ್ನತ್ರನೂ ಒಂದು ಹಳೆ ಮೆಟ್ಟಿದೆ ಕೊಡ್ತೀನಿ ತಗೊಂಡು ಬಿಡು
Positive	brother ಆ ನನ್ ಮಕ್ಳಿಗೆ ಅರ್ಥ ಆಗೋಥರ..... ಹೇಳಿದೀರಾ.... ಅವ್ರಿಗೆ ಹೀಗೆ ಹೇಳಿದ್ರೇನೇ ಅರ್ಥ ಆಗೋದು....
Positive	Super Rakshit sir super super song super
Positive	ಹೇಡಿ ಅಶ್ವತ್ಥಾಮ ಚಕ್ರವ್ಯೂಹದಲ್ಲಿ ಅಭಿಮನ್ಯುವನ್ನು ಎದುರಿಸಲಾಗದೆ ಪ್ರಾರಂಭದಲ್ಲೇ ಜೀವ ಉಳಿಸಿಕೊಳ್ಳುವ ಸಲುವಾಗಿ ಪಲಾಯನ ಮಾಡಿಬಿಟ್ಟ.... ಕೊನೆಯಲ್ಲಿ ಲೋಫರ್ ದುರ್ಯೋಧನನ ಮಾತು ಕೇಳಿ ಶಾಪಗ್ರಸ್ಥನಾಗಿ ಕಲಿಯುಗದಲ್ಲೇ ತಿರುಗಾಡುತ್ತಿದ್ದಾನೆ.... ಒಂದು ವೇಳೆ ನನ್ನ ಕೈಗೆನಾದರೂ ಸಿಕ್ಕರೆ ಅವನನ್ನು ಛೇಡಿಸದೆ ಬಿಡಲಾರೆನು
Positive	Avane shriman narayana
Positive	super song i like it
Positive	Alla inta olle video gu dislike madtaralva avrige manaviyate manushyatva olle guna kuda illa ansutte.....enta swabhimani vyakti weekness na kuda strenth agi madkond swabhimani agi jeevna madtidaralva great sir....
Positive	ಅವನೇ ಶ್ರೀಮನ್ನಾರಾಯಣ ಚಿತ್ರವು ಶತದಿನ ಆಚರಿಸಲೆಂದು ಅಖಿಲ ಕರ್ನಾಟಕ ಪವರ್ ಸ್ಟಾರ್ ಅಪ್ಪು ಬಾಸ್ ಅಭಿಮಾನಿಗಳ ಕಡೆಯಿಂದ ಶುಭ ಹಾರೈಸುತ್ತೇವೆ...ಕೆ.ಮಂಜು ಆದಿವಾಲ
Positive	Namma janagalige taste illa avrige fighting
Positive	Rs fance like here
Positive	Next Shankar nag born
Positive	Mujhe kuch smjh nhi aaya but I luv this song
Positive	@prithvi nayak ನಿಮ್ಮ ಅಮ್ಮ ಆಲ್ಸೋ ಫ್ಲಾಪ್
Positive	@Chaitanya P ? Haagandre yenu? Nam hero yellakade gelbekalwa?..
Positive	D boss fanzzz in Sakaleshpur
Positive	ಸೂಪರ್ ಸೂಪರ್ ಸೂಪರ್ ಫ್ಯಾನ್ ಆಗೋದೇ bro ನಿಮಗೆ
Positive	ಸುಪರ್ ಅವನೆ ಶ್ರೀಮನ ನಾರಾಯಣ
Positive	Super song guru
Positive	HD move send kejiye
Positive	ಒಬ್ರು ಹೋಗಿ ಫಿಲ್ಮ್ ನೋಡಲ್ಲ
Positive	Innu Chenngi Baidu helu bro tik tok user gee
Positive	ಇದು ಚರಿತ್ರೆ ಸೃಷ್ಟಿಸೂ ಅವತಾರ
Positive	video sir
Positive	Vijayprakash sir yavagin haage the bestbut malayalam version voice maathra sakkatth ista aythu
Positive	ಅಣ್ಣ ಇನ್ನೊಂದ್ ಸ್ವಲ್ಪ ಉಗಿರಿ ಅವರಿಗೆ ನಮ್ಮ ಯೋಧರ ಬಗ್ಗೆ ಚಿಂತನೆ ಮಾಡುತ್ತಿಲ್ಲ ತಿರುಬೋಕಿ ಇನ್ನು ಸ್ವಲ್ಪ ಚೆನ್ನಾಗಿ ಉಗಿರಿ ಅಣ್ಣ
Positive	Naveen Raj D Boss
Positive	Nice movie
Positive	Last scene nice guru
Positive	ಕಂಕಣ ಸೂರ್ಯ ಗ್ರಹಣದ ಸಮಯದಲ್ಲಿ ಯಾರ್ ಯಾರ್ ನೋಡ್ತಿದ್ದಿರಾ...
Positive	Belagavi dag release madro #diya....
Positive	Togari teeppa super
Positive	Rashmika Manddana goskra one sari  hogtini movie goskra Dina hogtina
Positive	@Nandi Parthasarathi ಚಕ್ಕ ಮುಂಡೆ... ನಿನ್ ತುಲ್ಲಗೆ ನನ್ ತುಣ್ಣಿ ಹಾಕ ಎಷ್ಟೇ ನಿನ್ ರೇಟು
Positive	Trending No1... Asn song....nಮಂತ್ರ ಮುಗ್ಧಗೊಳಿಸೋ ಗೀತೆ.... ಕೇಳ್ತಾ ಕೇಳ್ತಾ...ಮತ್ತೇರಿಸೋ.....ಹಾಡು...
Positive	Sumne irru guru yake kiriku
Positive	Prajwal Devraj is Back
Positive	Full movie upload madri.. Ofter release pls
Positive	ಈ ಸಾಂಗ್ ಕೇಳಿ ರಶ್ಮಿಕಾ ಮಾದಣ್ಣ ಎಷ್ಟು ಹುರ್ಕೊಂಡಿದಾಳೊ ಅವ್ಳಿಗೆ ಒಂದು ಐಸ್
Positive	Nange gottu ashwathama ellidane anta
Positive	Sara super Nivu holleya kalaviddaru Sara Nivu nuraru varusa chanagiri
Positive	Idhu charithre shrushtiso haadu...
Positive	ಇದು ಚರಿತ್ರೆ ಸೃಷ್ಟಿಸುವ ಸಾಂಗ್
Positive	Sulemakale tic tok uninstall madi
Positive	Super song
Positive	ಸಕ್ಕತ್ creatviity ಮ್ಯೂಸಿಕ್
Positive	Super super super
Positive	@Vishal Shetty ಲೊ ಯಾರೋ ನಂದಿನಿ...... ಒನ್ ಲೀಟರ್ ಹಾಲು ಕೊಡ್ತಾಳ
Positive	Nice movie.. deekshit super
Positive	Nyc bro
Positive	ಈ ಹಾಡು ನೋಡ್ತಾ ಇದ್ರೆ ಶಂಕ್ರಣ್ಣ ನೆನಪಾಗ್ತರೆ
Positive	Hollay hrudhayawantha Ashwath sir hawra maganigey heee sthithi noowu
Positive	Best madali olle  belavanige next level sandalwood
Positive	ಗೆದ್ದೇ ಗೆಲ್ಲುವೆ ಒಂದು ದಿನ ಗೆಲ್ಲಲೇ ಬೇಕು ನಿಮ್ಮ ಒಳ್ಳೆಯ ತನ
Positive	Make avane srimanarayana part 2
Positive	@Nandi Parthasarathi 🤘ಉರ್ಕೊಂಡು ಊರ ಬಿದ್ದರು ಅಂದ್ರೆ🤫🤫 ತಿಕ ಕುಡ್ಕೊಂಡು ಕಾಮೆಂಟ್ ಮಾಡಕ್ ಬಂದಿದ್ದೀರಾ🤣🤣
Positive	ಯಾರೇ ಆಗಲಿ.....ನನಗೆ ನನ್ನ ದೇಶದ ವಸ್ತು ಬೇಕು....ಬೇರೆ ದೇಶದ ವಸ್ತು ಎಷ್ಟೇ ಕಮ್ಮಿ ಬೆಲೆಗೆ ಸಿಕ್ಕರೂ ನಾನು ಕೊಂಡು ಕೊಳ್ಳುವುದಿಲ್ಲ ಅಂತ ಮನಸ್ಸು ಮಾಡಿದರೆ...ಯಾರು ಏನು ಮಾಡಲಾಗಲ್ಲ
Positive	Bindu gowda ge super agi ugididdeera
Positive	ರಕ್ಷಿತ್ ಶೆಟ್ಟಿ ಪಿಲ್ಮ ಯಾರಿಗೆ ಇಷ್ಟಯಿಂದೆ  ಅವರು ಲೈಕ್ ಮಾಡಿ ಪ್ಲೀಸ್
Positive	ನೋಡಿ ಸರ್ ಯಾವದನು ಅಲೆಗಳಗಿಲ್ಲ ನಾನು ದೇವರನ ನಂಬಲ ಅಂದರೆ ಕೃಷ್ಣನ ಖಂಡಿತಾ ನಂಬತಿನಿ
Positive	ಅನಿಸುತ್ತೆ ಬಂದಹಾಗಿದೆ ರಚಿಸಲು ಹೊಸ ಶಾಸನnಮೆರೆಯಲಿ ಗಗನದಿ ನಿಮ್ಮದೆ ಲಾಂಚನ
Positive	@Nandi Parthasarathi ನಂದಿನಿ ನಂದಿನಿ ನಿನ್ ತುಲ್ಲಗೆ ನನ್ ರಸ
Positive	ವೀ ವಾಂಟ್ ತಿಸ್ ಮೂವೀಸ್
Positive	Game name yavdu bro...
Positive	Inspired by RANADHEERA ? Looks like modern ravi Chandran .
Positive	Nanna ballya jivana nenap aytu thanks aswini adio
Positive	ಮ್ಯುಸಿಕ್ ಅಧ್ಬುತವಾಗಿದೆ  5 ಭಾಷೆಯಲ್ಲೂ ಈ ಸಿನಿಮಾ ಶತದಿನೋತ್ಸವ ಆಚರಿಸಲೆಂದು ರಾಜವಂಶದ ಅಭಿಮಾನಿಗಳ ಪರವಾಗಿ ಶುಭ ಕೋರುತ್ತೇನೆ
Positive	Hands Up antha Rashmika goskara bardang ide
Positive	@Kiran Shali ಲೈ ಶ್ಯಾಟ ..... ನಿನ್ ಅಯ್ಯನ್.... ಯಾವ ಪ್ರಶ್ನೆ  ಕೆಳ್ದೆ ನೀನು  ಕೋಡು ನಿನ್ ನಂಬರ್ ಇಲ್ಲಾ  ಆಡ್ರಸ್ ಕೋಡು ದೆವ್ರಾಣೆ ಡೈರೆಕ್ಟ್ ಆಗಿ ಉತ್ತರ ಕೊಡ್ತೀನಿ....
Positive	Slow poisening song suuper.....
Positive	mode ON
Positive	ನಮ್ಮನೆಗು ಬಂದಿದ್ದ ನಾನು ಅವನಿಗೆ ಹೇಳಿದೆ ನಿನ್ನ ಬಗ್ಗೆನೇ ಟಿವಿಯಲ್ಲಿ ತೋರಿಸುತ್ತಿದ್ದಾರೆ ಅಂದೆ ಅದಕ್ಕೆ ಅವನು ಹೇಳಿದ ಹೆಣ್ಣು ಕೋಡಬೇಕಂತ ಎಲ್ಲಾ ಕಡೆ ಹೋಡಕೋತ್ತಿದ್ದಾರೆ. ಅಂತ ಹೇಳಿದಾ
Positive	@Karthik S Reddy 46449449494
Positive	ಇಂಡಿಯಾದಲ್ಲಿ ಚೈನಾಗೆ ಹುಟ್ಟಿರೋ ಚಕ್ಕಗಳ ತಿಕದಲ್ಲಿ ಇನ್ನು ಸ್ವಲ್ಪ ಕಾರಪುಡಿ  ಆಕ್ಬೇಕಿತ್ತು ಅನ್ಸುತ್ತೆ ಬ್ರಾ
Positive	Super  maga
Positive	Jana gali modlu Mitron Indian app bandide adanna use madbeku chaina app na modlu delete  mad beku.
Positive	ನಾವೇ thukali stars ಅಂತ ಟಿಕ್ tak maritha idru ಕೆಲ sade ಗಳು ivaga ಮನೇಲಿ ಮುಸುರೆ ತಿಕ್ಕಿ baddetava
Positive	@Nandi Parthasarathi ನಿನ್ ತುಲ್ಲಗೆ 7ಅಪ್ ತುರ್ಕಾ
Positive	ನಾವು ಸಣ್ಣವರದ್ದೀಗಾ ಈ ನಾಟಕ ಹಳೇ ನೆನಪು ಬರತ್ತ ಇದೆ ಇದನ್ನ ಕೇಳಿ ಪುನಃ ಪುನಃ ಕೇಳಬೇಕು ಅನಿಸುತ್ತೆ ಶಂಭು ಬಳಿಗಾರ ದೊಡ್ಡ ನಮಸ್ಕಾರ ಇದೇ ತರ ನುಚ್ಚಿನ ಮಲ್ಲಯ್ಯ ನಾಟಕ ಆಪ್ ಲೋಡ್ ಮಾಡಿ
Positive	ಒಂದು ಅರ್ಥಪೂರ್ಣ ಕಥೆ ಕಾಣಿಸುವ ಸೂಚನೆ... ಪ್ರಮೋದಣ್ಣ ನಿಜಕ್ಕೂ ಜೀವ ತುಂಬ್ತಾರೆ
Positive	ಪುಣ್ಯಕೋಟಿ ಮೂವಿ ಬರುವ ತನಕ ರಕ್ಷಿತ್ ಶೆಟ್ಟಿ ಯವರ ಮೂವಿ ವೇಟ್ ?
Positive	Prajakeeyada bagge videos madi please
Positive	Nice dialogue
Positive	yarappa ee hadannu dislike madiddu !!! mostly Rashmika 1.1k sarthi dislike maadirbeku ha ha ha ha
Positive	It deserves more like.....
Positive	Superb bro ur righttiktokers ge sariyag heliddira
Positive	Osm bro I vill support u
Positive	Togari tippa super story
Positive	O my god supero super
Positive	@Mithun KUDLA well said bro
Positive	Song is amazing
Positive	Suspense movie good kannada
Positive	Bro Ten minutes + video madi bro niuo mado video na nodta edre nodtane erbeku anisutte
Positive	ಮಹಾಭಾರತದ ಕಾಲದ ಭಾಷೆ ಯಾವುದಾಗಿತು
Positive	Offter long back coming see Kannada cinema...........New multitalented shankaranna............kannadada gandu
Positive	Re release madi pakka node nodthare... Evaga yav theater allu ella nodoke. Movie tumba chennagide
Positive	ಕನ್ನಡವನ್ನು ಇನ್ನೊಂದು ಹಂತಕ್ಕೆ ಕೊಂಡೊಯ್ಯುವುದರಲ್ಲಿ ಸಂದೇಹವೇ ಇಲ್ಲ...nರಶ್ಮಿಕ ಕಕ್ಕ ಅವರೇ ನೋಡಿ ಉರ್ಕೊಳ್ಳಿ
Positive	Barri dabba movie ne unn maado du
Positive	ಏನೋ ಪಾ.. ಅಷ್ಟ್ ಇಷ್ಟ ಆಗ್ಲಿಲ್ಲ.. ಏನೇನೋ ಇದೆ.. ಹಿಂದಿ ಪ್ರೇಕ್ಷಕರಿಗೆ ವಿಚಿತ್ರ ಎನ್ನಿಸ ಬಹದು
Positive	31 M
Positive	Hidden details in trailer of Avane Srimanarayana ....n
Positive	Nane nam vasthu pradashnke bandidru gotha
Positive	Dbøss munde ivanu baccha
Positive	ಈ ಚಿತ್ರದಲ್ಲಿ ಯಾವ್ ರೇಂಜ್ ಗೆ ಗ್ರಾಫಿಕ್ಸ್ ಮಾಡಿದ್ದಾರೆ ಅಂತ ಮತ್ತೊಬ್ಬ vfx ಆರ್ಟಿಸ್ಟ್ ಗೆ ಗೊತ್ತಾಗೋದು
Positive	Ottinalli navu uddara
Positive	@Asif Shaikh hesru adru nettug tilkolo
Positive	ayoo super annaaaa
Positive	Nange aaki kastadalli idhene
Positive	Superb trailer ......
Positive	One next level movie🤑🤑
Positive	Hindi version release in t series
Positive	Upload volume 2 please
Positive	Super Kannada film industry changing
Positive	ರಕ್ಷಿತ್ ಶೆಟ್ಟಿ ಸಿನಿಮಾ ಹಾಗೂ ಹಾಡು  ಒಂದೇ  ರೀತಿ ಒಮ್ಮೆ ನೋಡಿದರೆ  ಅರ್ಥ  ಆಗಲ್ಲ ಮತ್ತೊಮ್ಮೆ  ನೋಡಿದರೆ ಮಾತ್ರ ಕನೆಕ್ಟ್  ಆಗುತ್ತೆ  ಎಂದು ಮತ್ತೊಮ್ಮೆ ಕೇಳುವವರು  ಹಾಗೂ ನೋಡುವವರು  ಲೈಕ್ ಮಾಡಿ
Positive	ಸಿನಿಮಾ ಮನೋಜ್ಞವಾಗಿದೆ. ಮತ್ತೊಮ್ಮೆ ಮಗದೊಮ್ಮೆ ನೋಡಬೇಕೆನಿಸುವ ಚಿತ್ರ. ಪ್ರತಿಯೊಂದು ಪಾತ್ರವು ಮನಮುಟ್ಟುತ್ತದೆ. ಇಂತಹ ಚಿತ್ರಗಳನ್ನು ಕನ್ನಡಿಗರು ಎಂದಿಗೂ ಬಿಟ್ಟು ಕೊಡುವುದಿಲ್ಲ. ಚಿತ್ರಮಂದಿರಗಳದವರು ತಪ್ಪು ಕಲ್ಪನೆಯಲ್ಲಿದ್ದಾರೆ. ಚಿತ್ರವು ನಿಧಾನವಾಗಿ ಲಯಕ್ಕೆ ಮರಳುತ್ತಿತ್ತು. ದಯವಿಟ್ಟು ಚಿತ್ರಮಂದಿರಗಳ ಸಂಖ್ಯೆಯನ್ನು ಹೆಚ್ಚಿಸಿ.
Positive	ಈ ಹಾಡನ್ನು ಕೇಳುತ್ತಿದ್ದರೆ ನನಗೆ ಸ್ವಾಗ್ ಸೆ ಕರೆಂಗೆ ಸಬ್ಕಾ ಸ್ವಾಗತ್ ಹಾಡು ನೆನಪಾಗುತ್ತೆ.nಸ್ವಲ್ಪ ಹಾಗೇನೇ ಇದೆ ಮ್ಯೂಸಿಕ್ ಅಂತ ನನಗೆ ಅನ್ನಿಸ್ತು.n
Positive	🤣🤣🤣🤣🤣 anna super
Positive	Movie nodadmele bandhoru like madi nEe movie kuda fan India movie agutthe annoru like madi
Positive	ಚಮಯ್ಯ ಮೇಸ್ಟ್ರು ಅವರ ಆಶೀರ್ವಾದ ಯಾವಾಗಲೂ ಇರುತ್ತೆ ನಿಮ್ಮಲ್ಲಿ ಸ್ವಾಭಿಮಾನ ಇದೆ ಆಗು ನಿಮ್ಮಲ್ಲಿ ಒಂದು ಛಲ ಇದೆ
Positive	Yaradru sahitya haktara anta nodtidd
Positive	Hands up  super song
Positive	Idu charitre srutsiro song
Positive	Thu yar guru karma ithara video gu dislike madtare ...
Positive	Kushi avare nimma mele thumba love aagide . Great acting
Positive	I love Rakshith
Positive	Vijaykumar s Kumsi  hotelnKumsi
Positive	ಸಕ್ಕತಾಗಿ ಹೇಳಿದ್ಯಾ ಗುರು
Positive	Shankar nag boss tara yaru barala barake agala adu bandre adu uppi avru matra aste ..always king mekar is uppi and Shankar nag bossssssssss
Positive	Song starting English quote tegdu kannada dalle iddiddre chennagirtittu
Positive	ಕನ್ನಡ ಇಂಡಸ್ಟ್ರಿಯಲನಲ್ಲಿ ರಕ್ಷಿತ ಶೆಟ್ಟಿ ಅಂದ್ರೆ ಅಮೀರ ಖಾನ್ ಇದ್ದಂಗೆ
Positive	Super kannda super
Positive	Bari prayojanake barada films nododu Facebook YouTube li comments hodiyodu...yaavalo hudugi siktale anta instagram li search madodo ede Indians hanebaraha dhesha uddara hada hage ayyo
Positive	Ganesh Bhat -ಅಯ್ಯೊ ಮರಾಯ ನನ್ನಗೆ ನಿನ್ನ ಮನೆ ಮಜ್ಜಿಗೆ ಯಾಕಪ್ಪಾ. ಯಾರಾದರೂ ದಾರಿಹೊಕರಿಗೆ ನಿಡಪ್ಪಾ
Positive	@Nandi Parthasarathi ನಿನ್ ತುಲ್ಲು ಉರಿತ..... ಲೋಕಲ್ ಚಾಯ್ಸ್ ಕುಡುದೇ ಏನ್ ಕಿತ್ಕೊ ತಿಯ... ಬ ನನ್ ತುಣ್ಣಿ ಉಣ್ಣು ಹ RMD ನೇ ತಿಂದೆ.... ನಿಂಗೇನು ತುಲ್ಲು ಉರಿ
Positive	ಚೈನಾ ಮಾಲ್ ಗಳ ಉತ್ಪಾದನೆ ರಫ್ತು ಹಾಗೂ ಮಾರ್ಕೆಟಿಂಗ್ ಬಗ್ಗೆ ಎಲ್ಲಾ ಮಾಹಿತಿ ನಿೇಡಿದ್ದಿೇರಿ  ನಮನ
Positive	miss ella madkololla bidi i can downlode in teligram or  swalpa dena odre tv nalle bharuthe
Positive	ನೀವು ಬಾಳ್ವೆ ನಡೆಸುತ್ತಿರುವ ರೀತಿ ತುಂಬಾನೇ ಚೆನ್ನಾಗಿದೆ.ನಿಮ್ಮ ಮಾತಿನಲ್ಲಿ ತುಂಬಾ ತೂಕವಿದೆ.
Positive	Siddu C ramannavar
Positive	Paapa yaro hair oil bagge helkodthidre niv yake oppose maadthira.adu avara ishta avaru yelli aadaru copy maadli ..niv yavathu yenu copy maadillva.niv hege nim opinion helidri avru ashte avara opinion helidru ashte.niv maathadidu avarige sari ansalla
Positive	ಇದು ಚರಿತ್ರೆ ಸೃಷ್ಟಿಸೊ ಅವತಾರ
Positive	Spr song guruuu
Positive	@Chirag CHIRU le child chapati gala..... artha maadkolli..... film chennagidre yaar hero ne irli.... naan nodtini.... nim booos aagli
Positive	Bindu gowdaaaaaa yakamma
Positive	सर आप लोगो से निवेदन है आप छत्तीसगढ़ मध्य्प्रदेश इस तरफ़ खुद की टाकीज खरीद लीजिये जिसमे सिर्फ साउथ की डब मूवी ही चलेगी आपसे रिक्वेस्ट है आप पैसा इन्वेस्ट करके दिखे छत्तीसगढ़ दुर्ग में तरुण बिग सिनेमा खाली हो रहा है आप दुर्ग में इन्वेस्ट कर सकते है nफिर क्या आप लोग धीरे धीरे पूरे हर जिलों में 1 सिनेमा घर आप अलॉट करते जाना फिर देखना आपकी हर मूवी को हम देख सकते है और अच्छा बिजनेस भी कर सकेगी
Positive	ಅವನೇ ಶ್ರೀಮಾನ್ ನಾರಾಯಣ .. ಕುಡುಕನ ವರ್ಷನ್..nnಹೇ.. ನಿಮ್ಮನ್ನೆಲ್ಲ ಯಾರೋ ಒಳಾಗ್ ಬಿಟ್ಟಿದ್ದೂ..nnನನ್ ಮುಖ ನೋಡಿ ಕೇಳ್ತಿದೀಯಾnnಬೋರ್ಡು ಕಾಣುಸ್ತಾ ಇಲ್ವಾ
Positive	Adu nambike ashte
Positive	ನಮಗೆಲ್ಲ ನಮ್ಮ LEGENDSನ ಕೆಲವರಲ್ಲಿ ಕಾಣುತ್ತೇವೆ               1.ವಿಷ್ಣುವರ್ಧನ್-ಕಿಚ್ಚ ಸುದೀಪ್      2.ಡಾ
Positive	Super song guru
Positive	sir nim left kaalu samasye  iruvudu  rinda neevu automatic gear iro gaadi odusbodu Alva sir nimage tumba help agute
Positive	ದರ್ಶನ್ ಅಭಿಮಾನಿಗಳ ಕಡೆಯಿಂದ ಆಲ್ ದ ಬೆಸ್ಟ್ ಆಲ್ ದ ಬೆಸ್ಟ್
Positive	ದೂಳು ಮಗಾ ಸಾಂಗ್
Positive	ಕಮ್ಯೂನಿಸ್ಟ್‌ ರಾಷ್ಟ್ರ ಅಲ್ವಲ್ಲ ಭಾರತ
Positive	Nam kannada songs yavglu super hit
Positive	ಇದು ಚರಿತ್ರೆ ಸೃಷ್ಟಿಸೋ ಅವತಾರ...n ಕಲಿಯುಗದಲ್ಲಿ ಕನ್ನಡಿಗನೇ ಸಾರ್ವಭೌಮ
Positive	@Nandi Parthasarathi ನಿಮ್ಮ ಅವ್ವುನ್ ತುಲ್ಲಗೆ ಹಳಸಿದ್ ಹೋಳಿಗೆ ಹಾಕ
Positive	Yanta jana brother nam deshakkoskara 1 app delete madoke agalva avarige
Positive	Bro nim maath keli China App hogli Indian App nallu video madalla bidi
Positive	Best song love it
Positive	Ashwathamana bagge thiliyalu raktha rathri emba yakshagana nodiri
Positive	hands up english alva
Positive	Iam Vijay devara konda Hater
Positive	Kannada films next level
Positive	Last  ತನಕ ನಕ್ಕಿ ನಕ್ಕಿ ಹೊಟ್ಟೆ ನೋವು ಬಂತು
Positive	HANDS UP
Positive	@Nandi Parthasarathi kurukshethra Hindi version relies madoke helu first dubbing madi yak waste madthira
Positive	ಸೂಪರ್ ಗುರು ಲೋವ್ ಯು
Positive	Super song vj
Positive	Bari sokuda film marre
Positive	@Asha Asha good be happy..
Positive	GTA 5 bro
Positive	ಹೋದರೆ ಹೋಗ್ಲಿ ಬಿಡಿ ರಶ್ಮಿಕ ಅವಳೇನು ತ್ರಿಪುರ ಸುಂದರಿನಾ ಬಿಟ್ಟಾಕಿ
Positive	ಹಲೋ ಸರ್ ಅಪ್ಪಾಜಿ ತರ ಅದ್ಭುತ ಪಾತ್ರಗಳನ್ನು ನಿರ್ವಹಿಸಿ ಖಂಡಿತ ಯಶಸ್ವಿ ಆಗ್ತೀರಾ
Positive	Rock Siddu yaako gaandu soole magane naanu ninna thangina rape maadidna.. yelo mathannu ole mathanaadu.. nanagu baahi ide.. nanage gothilade thapagide.. Neenu mathado reethi badalisiko ...
Positive	super... bari kalaberake bashe keli keli sustagittu adakke ee video swaccha sundara basheya balake agirodrinda ishtavaytu..
Positive	I like prutvi Ambar (adi) style
Positive	Est sari kelidrunu kelbek anusutte
Positive	E trailer nodtidre eno ontaraa feel agutte but e movie ENA ide annodu ...  Tilibekide
Positive	ಸೂಪರ್ ಅಣ್ಣ ನೀಟಾಗಿ ಅರ್ಥ ಆಗೋ ಹಾಗೆ ಹೇಳಿದಿಯ  ಈ ಶಡೇಗಳು ಅರ್ಥ ಮಾಡ್ಕೋಬೇಕು
Positive	ಸರಿ ಬುಡ್ಲ ಅಣ್ತಮ್ಮ
Positive	Nam Kannada Heroes ge Support maadade Dislike Kodtiralla Enro Neevu....  ALL THE BEST From D BOSS Fans
Positive	Next song gu kuda alru andre evaga yar comment  madidera alla alrru like madi share madi nam industry na next level ge togond hogaona.
Positive	@Like a Phoenix hm avarige ade helbku kushi padli swalp
Positive	@Unity of India  ನಮ್ಮ ದೇಶದ ಹಾ ಪಾರ್ಟಿ ದೇಶ ವನ್ನು ತುಂಡು ತುಂಡು ಹಾಗಿ ಮಾಡ್ತೀನಿ ಅಂತ ಹೇಳ್ತಾರೆ ಇದಕ್ಕಿಂತ ದೊಡ್ಡ ಮಾತು ಬೇಕಾ kanniya  kumar
Positive	Dislike madiroru rashmika kade avre erbeku!
Positive	Sir nivu tumba olle olle programs madtira sir
Positive	Superb video bro
Positive	Superagi heludri bro
Positive	ಚರಿತ್ರೆ ಸೃಷ್ಠಿಸೋ ಅವತಾರದ ಈ ಸಾಂಗ್ & ಸಿನಿಮಾಗೆ...ಕಿಚ್ಚ ಫ್ಯಾನ್ಸ್ ಕಡೆಯಿಂದ ಆಲ್ ದ ಬೆಸ್ಟ್...
Positive	Ondu muttinantha kathe iruva cinema
Positive	Super Sir
Positive	nice togari tippa
Positive	@VARAPRASAD K K hawdo nin Amman gaandu dagaar fans avna yogyathe hendthi kayi murdu jail ge hogi petty thing ubsa jaasti aagi ashtottige saarati Andre Lion King movie remake release maadkottiddu nam kiccha  eega helu hendthi hodidu jail ge hodonu balegaarana jail olage idda kaami paravaagi film release maadkottinu balegaarana utra kodo nayi adukje helodu avnanna dagaar soolenagan antha nin Amma haaku steppu Alla thika muchkond
Positive	KGF (chaffer 2) bega bara beku
Positive	Sakat ag ede song bros yelru share madana plz nim whatsapp alli
Positive	ಮಸ್ತ್ ಇದೆ ಗುರೂ
Positive	Yarella e hadige edict agidira like Madi
Positive	God bless u Sir...
Positive	Vere level bro
Positive	Guru nin heliddu super nija.adre e Bindu lowda avn ammun tukali sule maklige uriyutte ade indiyadalli gst jasti madidre strick madthare ade tik tok madi chinage amount hodre kushi agthare ivrella bharatiyaralla chinise tunnege uttdoru
Positive	Super song amazing lyrics
Positive	@prithvi nayak ನೇ ಮಿಂಡ್ರಿ ಮಗ
Positive	Music sup company
Positive	VIKRANTH DHANUSH  ನೀವೂ ಮಾಡಿರೋ ಪದ ಆಂಗ್ಲಭಾಷೆಯಲ್ಲಿ ಇದೆ ಅದು ಹಾಗೆ..
Positive	Namma manigu banndidda ashwathama
Positive	idu Actually chenag irodu
Positive	ಮೂವಿಗಾಗಿ ಕಾಯುತ್ತಿರುವವರು ಲೈಕ್ ಮಾಡಿ
Positive	All di best for D Boss fans
Positive	Sir ಗೊತ್ತು sir ಈ video ಮಾಡಿ 1ವಾರ ಆಗಿದೆ ಅದುನ್ನ ಮೊದ್ಲು ನೋಡಿ sir
Positive	JACK SPARROW R S
Positive	@Nandi Parthasarathi ಹಡಿತೀನಿ ಬಂದ್ರೆ ತುಲ್ಲರೆ no ಹಾಕೆ ಬೇವರ್ಸಿ
Positive	Rakshith Shetty fans ondu like kodi nn
Positive	Like kiccha fans
Positive	Best film ide sirr love u alla ಯಾಕೆ ಇ film ಇಷ್ಟ ಅಂದ್ರೆ ಇದರಲ್ಲಿ ಬರುವ ಪಾತ್ರ ನಮ್ಮ್ಗ ಎನೂ link ಇದೇ ಅನ್ನೋ ಥರ ಇದೆ supper sir
Positive	@Nandi Parthasarathi kurishetra alla adu kurukshetra 🤣
Positive	Ayyo guru... Yelli tanka jana moodnambke bidalvo alli tanka inta shatnayakru useless videos haktane irrtare guru.nMahabharata tumba olle moral story. Jeevanakke bekagiro tumba paata ide idralli. Adunella use madkondu olle jeevna madbeku aste.
Positive	En helde guru..... Super agi helde....... #RIP Tiktok
Positive	Hands up nahi Hands down
Positive	all da best
Positive	Entha promotion illa hindi realise agutta annode doubt
Positive	ಆದರೆ ನಿಮ್ಮ ಕಾಮೆಂಟ್ ಗೆ ಲೈಕ್ ಮಾಡಿದವರು ರಕ್ಷಿತ್ ಫ್ಯಾನ್ಸ್
Positive	Pruthvi avre nim acting Super
Positive	ಇದು ಚರಿತ್ರೆ ಸೃಷ್ಟಿಸೊ ಅವತಾರ. nಇದು ಚರಿತ್ರೆ ಸೃಷ್ಟಿಸೊ ಚಲನಚಿತ್ರ nಹೌದು ಹುಲಿಯ
Positive	Love from Kerala anteeri adre olle movie ge support madalla.
Positive	Sariyagi helidira bro
Positive	36 M nVideo viral agthila
Positive	@Ŕävîñđŕå_02_GøWđřú noh Ravindra Lowdre.... naanu space nalli idini.... hudukikond baroke rocket beku.... nin yogyate ge adella illa bidu🤣
Positive	Super ri boss lovely jai Kiccha Fan's jai rakshith Shetty boss
Positive	OMG  SO GOOD SONG
Positive	Step was awesome
Positive	SUPER GURU..SARIYAGI BAYDIDYA ESHTU UGUDHRU ENNA BUDDI BARALLA KELAVU MUNDEGALIGE..
Positive	ಸೂಪರ್ ಅದ್ಭುತವಾದ ಸಿನೆಮಾ
Positive	Chindi guru... tik tok ban agi yar thika urkoltha avree avru hogi Indian army mathe Modhiji naa keli..! Lowda antha tik tok li questions madodala..!!!
Positive	ಕ್ರೇಜಿ ಸ್ಟಾರ್ ರವಿಚಂದ್ರನ್ ಸ್ಟೈಲ್ ಮೇಕಿಂಗ್ ಕಾಪಿ
Positive	ಸೂಪರ್  ಬ್ರದರ್
Positive	shobha  a
Positive	ಸರ್ ನಿಮ್ಮ ಸ್ವಾಭಿಮಾನ ನಮ್ಮ ಅಂತಾ ಎಷ್ಟೋ ಜನಕ್ಕೆ ಸ್ಫೂರ್ತಿ ಸರ್.... ನಿಜವಾಗ್ಲೂ ನೀವು ಗ್ರೇಟ್ ಸರ್..... ನಿಮಗೆ ಸೋಲು ಅನ್ನೋದೇ ಇಲ್ಲಾ ಸರ್ ಯಾಕಂದ್ರೆ ನೀವು ಜೀವನದಲ್ಲಿ ಗೆದ್ದು ಸೋತವರು ಅಲ್ಲಾ ಸರ್.... ಸೋತು ಗೆದ್ದುವರು
Positive	super song ma
Positive	ನೀ ಬೇಳಿಬೇಕು ಬ್ರದರ್ nಇನ್ನೂ ಎತ್ತರಕ್ಕೆ
Positive	Rasmika ge  uribeku nimma cenema successful kanabeku hagu nimma jodi shanvi madam rakshit shetty jote  maduve agabeku idu nimma abhimani asheya
Positive	Shambu baligar avara maathaduva shaili super
Positive	@Nikhil raj arya Nija kananna
Positive	Super sir..
Positive	Sata bita jaga fill hagede dud
Positive	Movie quality superb
Positive	ಒಳ್ಳೆಯ ಟೇಸ್ಟ್ ಅನ್ನೋದು ಎಲ್ಲರಿಗೂ ಇರೊಲ್ಲ ಕೆಲವರಿಗೆ ಮಾತ್ರ
Positive	ಸೂಪರ್ ಸಾಂಗ್ ಹುಚ್ಚೆಬ್ಬಿಸುವ ಸಾಂಗ್
Positive	@vinay vinu  Hindu Muslim Cristian etc etc... Yella naav naav madkondirodu. Yella manushyaru onde
Positive	Such a nice bro
Positive	A super bro
Positive	Jai D boss Jai simple
Positive	@Vinay Vn sule maga neenu ade bere ide bere
Positive	Superb man
Positive	Kannada cinema nimma antha budhijeevi na ullaskollalike agilla antha tumbaa bejaar aagute.
Positive	Barli guru innondu video sakaglilla begaaaaaaaaaaa....
Positive	ಏನ್ ತುಕಾಲಿ ಫ್ಯಾನ್ಸ್ ಮರ್ರೆ... ಟ್ರೈಲರ್ ಬಗ್ಗೆ ಕಾಮೆಂಟ್ ಮಾಡೋದು ಬಿಟ್ಟು... ಆ ಫ್ಯಾನ್ಸ್  ಕಡೆಯಿಂದ ಅಲ್ ದಿ ಬೆಸ್ಟ್... ಈ ಫ್ಯಾನ್ ಕಡೆಯಿಂದ ಆಲ್ ದಿ ಬೆಸ್ಟ್... ಥು ಇವ್ರ ಜನ್ಮಕ್ಕೆ
Positive	Asn film nodoru like maadi
Positive	ಸೂಪರ್ ಆಗಿ ಬಂದಿದೆ ನಿಮ್ಮ ಟ್ರೈಲರ್ ಈ ಫಿಲಂ ನಿಮ್ಮ ಲೈಫ್ ಅನ್ನು ಚೇಂಜ್ ಮಾಡಲಿ ಪ್ರಜ್ವಲ್ ಅವರೇ ಕೆಲವರಿರುತ್ತಾರೆ ಅವರ ಲೈಫಲ್ಲಿ ಏನೂ ಮಾಡಲಿಕ್ಕೆ ಆಗಲ್ಲ ಇನ್ನೊಬ್ಬರ ಬಗ್ಗೆ ಮಾತನಾಡುತ್ತಾರೆ ಅಂತ ರಿಗೆ ನೀವು ಏನು ಹೇಳಿದರೂ ಪ್ರಯೋಜನ ಇಲ್ಲ ನಿಮ್ಮ ಈ ಫಿಲ್ಮ್ ಯಶಸ್ಸು ಕಾಣಲಿ ಜೈ ಕರ್ನಾಟಕ
Positive	Aagle tv li haaaktidaaralla guru.....
Positive	ಸೂಪರ್ ಬಗ್ರೌಂಡ್ music
Positive	Olle kannada song anthane helbahudhu
Positive	BLACK HEART ala
Positive	basavaraj tambak artha madbeku movie na movie thara nodbeku
Positive	Lo gaandu nan magne d boss fans yake sata tariyoke dislike madtara nBere avru nodi urkolokke en avru bucket and balegara fans he
Positive	ನನ್ನ ಗೆಲ್ಲೋದು ಊಹೆಗೂ ಮೀರಿದ ಸಾಹಸnOsm line
Positive	Super duper guru
Positive	Sie good eveninig
Positive	Nam kannada songs yavglu super hit
Positive	Gubaal. Tennis ge ball🤣🤣🤣🤣🤣🤣🤣🤣🤣🤣🤣🤣
Positive	Thumba vishaya galannu thilisi kotri Amar prasad ravare .thank you
Positive	@Nagaraj Manjithaya bro parabhase Alla film chennagirod nodtare Ashte
Positive	Awesome movie.......frm kolkata
Positive	Movie yavaga boss
Positive	ಅಯ್ಯೇೂ ಅಲ್ಲು ಮಾಡ್ತಾರೆ tic toc  ನ
Positive	K G F Ka Baap.......!!
Positive	Different ಮ್ಯೂಸಿಕ್ ಸರ್.nಅಜನಿಶ್ ಸರ್ ಗೆ ಧನ್ಯವಾದಗಳು..
Positive	@TROLL MONSTER_KANNADA bande iru haktini nim amman tulge sule khaan
Positive	Jai hind  guru  nimge  ondu     super  agi madidira   Hinta  nanna makkalige nanna  deshada bagge enu gottu Avarige   tiktok Alla nale  avaru  sattu  hogtare alva   tiktok nu baralla tamte hodiyakke  Janru baralla   adannu  tiktok madkondu  Aram agirli anta  tiktok madi kalastare nanna makligennnAll videos  super  guru  nim no send madi
Positive	Super song I love it
Positive	ಜನ ಯಾಕೆ ಥಿಯೇಟರ್ ಗೆ ಬರ್ತಿಲ್ಲ ಅಂದ್ರೆ piracy ಫೋನ್ ಅಲ್ಲೇ movie ಸಿಗುತ್ತೆ ಮತ್ಯಾಕೆ ಥಿಯೇಟರ್ ಗೆ ಹೋಗೋದು ಅಂತ ಬರೋಲ್ಲ ಜನ
Positive	@RAJ NRJ nijavada matu atleast navu avaranna nodi kaliyo pathagalu tumba irutte
Positive	ಕಳಪೆ ವಸ್ತುಗಳ್ನು ಉತ್ಪದಾನೆ ಮಾಡಿ ಬೇರೆಯವರ ಹೊಟ್ಟೆಮೇಲೆ ಒಡಿಯೋದು ತಪ್ಪಲ್ವ
Positive	Enna views beku .share madi frnds
Positive	ದೃಷ್ಟಿ ನನ್ನೋಬ್ಬನ ಮೇಲಿಡಿ ತಪ್ಪದು ನಿಜ ಮನರಂಜನೆ film nodo munchene ee song ista adavaru like madi
Positive	Tik tok almadidu aythu innu instagram alva anna nam support ede anna
Positive	Hundred persent true guruuu
Positive	awsme songs sir
Positive	Meaningful video bro
Positive	Anna e game yavadu
Positive	ಎನ್ ಗುರು ಎನ್ ಲಿರಿಕ್ ಎನ್ ಮ್ಯೂಸಿಕ್ ನಮ್ಮ ಮನೆಯಲ್ಲಿ ಈ ಹಾಡಿಗೆ ಫುಲ್ ಫೀದ ಆಗಿದರೆ
Positive	@Troll Stupid Fans halkat sulemagne nin Amman thullu sulemagne gaandu nayi sulemakla d boss bagge matadidre sulemagne Ninnamman keythini ashte nayi rande soole maga Nim Amman kalisu keythini soole rande magne
Positive	Comment's nali like madidre illi unlike madi (super song ) nI will coming soon back ..⏳ n100 days super it move pakka.
Positive	Nivu madidu karekt
Positive	ಇದು ಚರಿತ್ರೆ ಸೃಷ್ಟಿಸೊ ಅವತಾರ ಕನ್ನಡ ಚಿತ್ರರಂಗಕ್ಕೆ ರಕ್ಷಿತ್ ಶೆಟ್ಟಿ  ಸಂಗೀತ ನಿರ್ದೇಶನ ಸುಪರ್ ಮತ್ತೊಂದು ಬ್ಲಾಕ್ ಬಸ್ಟರ್ ಚಿತ್ರ ಬರ್ತಾ ಇದೆ
Positive	Nija super......... Movie please re release maadi
Positive	100 days pakka super
Positive	Priswi Perera changide guru
Positive	Copycat raja rakshith shetty
Positive	ಗುರುಗಳೇ  ನನ್ನ ಹೆಸರು ಗವೀಶ್  ಕೊಪ್ಪಳ.nನಾನು ಚಿಕ್ಕವನಿದ್ದಾಗ ತೊಗರಿ ತಿಪ್ಪನ ಕಥೆಯನ್ನು  ಕೇಳಿದ್ದೆ
Positive	Gichha song appsji
Positive	Bro NIV helladu nija
Positive	Brother nange kanniranna control madlikke agalilla... Nanage nanna ammana nenapu kadtide... Jotege idu out of feeling..
Positive	Hands up🤩n#yuvarathnaa update on December 31stjai #drrajkumar
Positive	Super togari tipa
Positive	Bro niv sarige helidri
Positive	@Cypher spalling misteek madbardu.... adu D boos
Positive	ಚಂದನ್ ಶೆಟ್ಟಿ ಟ್ರೊಲ್ ವಿಡಿಯೋ ನೀವು ನೋಡಿ ನೆಗಡ್ಡೆ ಇದ್ರೆ ನಾವ್ ಗ್ಯಾರಂಟಿ
Positive	togari tippa supar
Positive	ನಿಮ್ಮಯಲ್ಲ ವಿಡಿಯೋ ನೋಡೋಕೆ ತುಂಬಾ ಖುಷಿ ಆಗುತ್ತೆ. ಇನ್ನು ಈ ರೀತಿ ವಿಡಿಯೋ ಗಳನು ಮಾಡಿ nThank u
Positive	ಲೈಕ್ ಯಾಪಿ ಚಿನ್ನದ ತಾನೆ
Positive	ಚಂದನ್ ಶೆಟ್ಟಿ ಟ್ರೊಲ್ ವಿಡಿಯೋ ನೀವು ನೋಡಿ ನೆಗಡ್ಡೆ ಇದ್ರೆ ನಾವ್ ಗ್ಯಾರಂಟಿ
Positive	super togari tippa
Positive	super songnಜೈ ಕರ್ನಾಟಕ ಜೈ ಕನ್ನಡ
Positive	Super song nam Kannada song
Positive	ನೀವ್ ಹೇಳೋದ್ರಲ್ಲಿ ಏನು ತಪ್ಪಿಲ್ಲ ಬ್ರದರ್
Positive	looks promising
Positive	Yar guru ninu.....super
Positive	ಹೊಲಸ ರಾಜಕಿಯ ದಿಂದ ನಮ್ಮ ದೆಶ ಅದಕ್ಕೆ ಹಿಂದ ಉಳಿದಿದೆ
Positive	ಯುದ್ಧ ಮಾಡಬೇಕು ಓದಬಾರದುnಕಟುಕರ ಮುಂದೆ ಭಗವದ್ಗೀತೆ.. nnಇದು ಚರಿತ್ರೆ ಸೃಷ್ಟಿಸೋ ಅವತಾರnರಕ್ಷಿತ್ ಸರ್
Positive	What does sanvi mean
Positive	Movie chennagi ide
Positive	Supar.  Love
Positive	@VIKRANTH DHANUSH Handsup kannada pada yenu? Polsaru yava pada use madtare?
Positive	This song like drinking
Positive	May be sanskrit
Positive	Super song bro thank you Vijay Prakash sir Great singer
Positive	nice song love u ..... song ....... nice dancee ....... superrrr
Positive	Editing yar guru 🤩
Positive	+Shivanand Kattimani  12. 9 .2018
Positive	Dharsha ge. Rost madu guru pls
Positive	Good job bro.
Positive	@Nature  You tube ಕನ್ನಡದಲ್ಲಿ ಹೇಳಬೇಕೆಂದರೆ - ನೀನು ಕೊಳವೆ .....🤣🤣
Positive	ಎಲ್ಲಾ ಸರಿ ಗುರು
Positive	मला भाषा समजली नाही पण गाणे खूप आवडले
Positive	Very true bro
Positive	super tippa story
Positive	NANGOOO KOODA...🤩nNAN UTUBE NALLI NODIDE...
Positive	I m waiting
Positive	Meri Tarah or kon ye song Roj sunta h n
Positive	Super bro i am happy tik tok ban agidu super our modi ji super hero
Positive	Plz chance kodi nodi avar acting
Positive	Super movie sir
Positive	ಚಿತ್ರರಂಗದಲ್ಲಿ ಸಂಚಲನ ಮೂಡಿಸಲಿ. nಯಾರ್ ಯಾರಿಗೂ ಬಾಸ್ ಅಲ್ಲ ನಿಮ್ಮ ಸಿನಿಮಾ ಚೆನ್ನಾಗಿದ್ರೆ ಎಲ್ಲರೂ ನೋಡ್ತಾರೆ ಬಕೆಟ್ ಎಲ್ಲಾ ಮೂಲೆಗೆ ಹಾಕಿ. ಇನ್ನೊಬ್ಬ ನಟ ಬಂದು ಹೇಳಿದ ಅಂತ ಯಾರು ಸಿನಿಮಾ ನೋಡಲ್ಲ ನಿಮ್ಮ ಅಭಿನಯ ಕಥೆ ಮನೋರಂಜನೆ ನೋಡಿ ಬರ್ತಾರೆ ಅಷ್ಟೇ. nಶುಭವಾಗಲಿ........
Positive	@Nithya Sudha avaru devategalu devategalige Ella bhashe barutte
Positive	@Pramod Kal
Positive	Yav movie remake hethidira sir
Positive	Rakshit Shettys fans like
Positive	ಲವ್ ಯು ಬಾಸ್  ಸೂಪರ್
Positive	Sir ond mathelthini  ond sarkara minimom 20 Varsha irbeku avaga desha abiruddiagokke ankula aguthe brastachara nilbeku
Positive	Chinndikanna neenu neenu nam tharane madthadthiya. Super
Positive	Lucchan Tara para basheyavra thika nekkbardu ashte Alva guru
Positive	Supar hit song anna
Positive	ರಕ್ಷಿತ್ ಶೆಟ್ಟಿ ಅಭಿಮಾನಿಗಳು ಇಲ್ಲಿ ಲೈಕ್ ಮಾಡಿ
Positive	Edu edu kannada industry... Olle kalavidrige
Positive	Gauri Keshav ಆಂಗ್ಲ ಭಾಷೆ ಬಳಸೋ ಕಾಲದಲ್ಲಿ ಅಚ್ಚ ಕನ್ನಡದಲ್ಲಿ ಸಾಹಿತ್ಯ ಬರೆದಿರುವ ಬರಹಗಾರರಿಗೆ ಕೋಟಿ ಕೋಟಿ ನಮನಗಳು
Positive	ಇದು ಚರಿತ್ರೆ ಸೃಷ್ಟಿಸೋ ಅವತಾರ
Positive	Super  song
Positive	ಸಾಹಿತ್ಯ ಓದಿ ಹಾಡು ಕೇಳಿ ಆನಂದಿಸಿ.
Positive	ನಮ್ಮ ಜನರನ್ನು ಕೇವಲ ಸುಳ್ಳಿನ ಭ್ರಮಾಲೋಕದಲ್ಲೇ ಸುತ್ತಿಸುವ ನಮ್ಮ ಕನ್ನಡದ ಮಾಧ್ಯಮದೊಳಗೆ ಸತ್ಯದ ಕಹಿಯನ್ನು ನೇರವಾಗಿ ತಿಳಿಸಿದ್ದಕ್ಕೆ ಧನ್ಯವಾದಗಳು ಅಮರ್ ರವರೇ.
Positive	+Reshmabegam Nadaf super
Positive	ಆಗೇ ಆಗತ್ತೆ 50 million + just wait
Positive	Very nice video
Positive	Spr kannadiga 🤘🤘
Positive	Good news sir
Positive	Malayalam singer is good
Positive	Super bro.. Keeping doing like this.... Do more ...trollers.. Jai  trollers. I like trollers
Positive	Bro movie ela undii bagundhii aa
Positive	Super gurunJai hind Jai Indian army
Positive	Yalla sule makkalu jasti thu
Positive	Hands up    matte song kelbeku anta ansorige
Positive	ಶಂಭು ಬಳೆಗಾರ ಸರ್ ಗೆ ತುಂಬಾ ದನ್ಯವಾದಗಳು
Positive	Ramesh Snakannanavar wey
Positive	Sannavridvi idanna caset haaki keltidvi. Vatta maryakaagangilla.. uttara karnatakad maat kati sobugandra hinga nodri namd..
Positive	@KGF Chapter 2 good
Positive	D boss  fans sapot iratte 100day
Positive	Diya is super ....movie
Positive	@Nikistark x dia is kannada movie man mind ur comment
Positive	Lyrics super guru.
Positive	E tik tokrs ondisht jana mental galu bro avugalna tik tokrs anodkina chainis anbekku
Positive	Nimge olledagli sir god bless you Sir
Positive	Music bayankara gurooo.....
Positive	Super song anna....liked it
Positive	12 dislikes by gandu nanmakalu
Positive	Ningappa  s  malekoppa
Positive	Idu yaavdo tamil film remake guru
Positive	Dignity of labour... ಭಾರತದಲ್ಲಿ ಇಲ್ಲ... ಅದನ್ನು ಭಾರತೀಯರು ಬೆಳೆಸಿಕೊಳ್ಳಬೇಕು
Positive	Yappa huchhu hidustide.....asn.....awesom
Positive	@kinu0505 guru avnu darshan fan alla yash fanu
Positive	12pm start madi 5pm complete madde
Positive	ಅಬ್ಬಾ ಎಂತಹ bgm
Positive	Sir ondhh hellla ..... nEllaru kelsa antha ondhh madtirtare ....nnMathe biduvu madkondu film nodok barthivi .....nAvaga naav estu antha ollole film na nodbodhu neevu heli ...nnSwalpa plan madkondu industry ...Ella ottige bido yojane na hidkoldhe idre best ....
Positive	Comedy aggie nodorige comedy nee
Positive	@Nandi Parthasarathi ನಿಮ್ಮ ಅಪ್ಪ ಸೂಳೆಮಗ
Positive	Yen film  guru super
Positive	Kannada ne barolla
Positive	BoLi Maklu ee tara videos nu dislike maadtare
Positive	All fake bro nija vishaya maatra heli bro ummane janara manasalli sullu nambike yanna huttisa bedi plzzzz
Positive	Sorry filmna  naanu theater hogi nodlilla kshamisi...super movie mobile Alli nodide ..tappige account no heli duddu haktini
Positive	Masthundhi song mama nKikkea verabba aa retham looooo
Positive	@prithvi nayak ನಿಮ್ಮ ಅವ್ವ ಹಾದರಗಿತ್ತಿ
Positive	@BLACK HEART guru modlu avr heeliddu artha madko
Positive	ನಿಮ್ಮ ಸ್ವಾವಲಂಬಿ ಬದುಕಿಗೆ ನನ್ನದೊಂದು ಸಲಾಂ ಸರ್
Positive	28 M
Positive	ರಕ್ಷಿತ್ ಶೆಟ್ಟಿ ಅಭಿಮಾನಿಗಳು ಈ ಹಾಡಿಗೊಂದು ಲೈಕ್ ಮಾಡಿ
Positive	Wow .... diya soop.
Positive	@Nandi Parthasarathi
Positive	China apps dayvitu ban madi superg hugdira innu hugiri nam india jana sariilla thu
Positive	ಚಂದನ್ ಶೆಟ್ಟಿ ಟ್ರೊಲ್ ವಿಡಿಯೋ ನೀವು ನೋಡಿ ನೆಗಡ್ಡೆ ಇದ್ರೆ ನಾವ್ ಗ್ಯಾರಂಟಿ
Positive	Just Woww  Super Prajju  anna!! Gud luck
Positive	Nice video song
Positive	ಬ್ರೋ ಅವರು ಗೆ ದೇಶದ ಬಗ್ಗೆ ಅಭಿಮಾನ ಇಲ್ಲಾ ಬಿಡಿ
Positive	yen guru nam kannada film industry na yellaru seri bere level ge tagondu hogthaa iddare... superb music
Positive	Super bro nim matalli satya ide
Positive	Naan antha China app antha yaavaglo delete maadidene nJai hind
Positive	Rakshit bro nodi no1 tranding thogando bhandihivi Saka bro
Positive	Estu sari nodudru samadhana aagthilla.... Awesome song
Positive	Sakath anna nim haadu
Positive	Kai kesaradare bai masaru supper ser
Positive	ಟಿಕ ಟಾಕ್ ಹೀರೋ ಹೀರೋಯಿನಗಳ  ತಿಥಿ ಊಟ ಹಾಕಸು ಗುರು creative ಕನ್ನಡಿಗ
Positive	En guru song edu
Positive	Looks promising
Positive	ಟ್ರೈಲರ್ ನೋಡಿ ಮೈಯೆಲ್ಲ ರೋಮಾಂಚನವಾಯಿತು! ಪ್ರಜ್ವಲ್ ದೇವರಾಜ್
Positive	Anusha Kumarswamy yes
Positive	sir deshadali shikshana jotege kwoshliya nu kalisabeku selp udyogada samartya barbeku nnrajakiya vektigalu adikara and hanke ase belde deshavanu munnadasabeku employment ge jobs sigo rieti nodka beku
Positive	Nan lwda dalli edane band nodkondu ogo gandu
Positive	@Muniraj Munira nice   songs
Positive	Beautiful movies sar
Positive	Sir dasara habbada shubashayagalu
Positive	Uppi fans next like raksith setty
Positive	ಕೇಳ್ತಾ ಕೇಳ್ತಾ
Positive	ನಿಮಗೆ ಭಗವಂತನ ಅನುಗ್ರಹ ಅನವರತ ಇರಲಿ.n....nಇವತ್ತಿಗೂ ನಮ್ಮದು ಮೈಸೂರು ಸಂಸ್ಥಾನವೇ. ಮಹಾರಾಜರನ್ನು ಹೊರಗಿಟ್ಟು ಈ ಕಳ್ಳ ರಾಜಕಾರಣಿಗಳು ಮಾಡುವ ದಸರಾ ಮೆರವಣಿಗೆನೂ ಒಂದು ಮೆರವಣಿಗೆನೇ? ಯಾವತ್ತೂ ಸಾಧ್ಯವಿಲ್ಲ.... ಇನ್ನಾದರೂ ಎಚ್ಛೆತ್ತು ಕೊಳ್ಳಿ...
Positive	ಸೂಪರ್ ಹಿಟ್ ಕಾಮಿಡಿ
Positive	ವಾಸ್ತವದ ವಿವರಣೆಗೆ ಧನ್ಯವಾದ
Positive	Raja Vishnuvardhana it’s available only in Kannada on Amazon prime
Positive	@jeevan gowda ಧನ್ಯವಾದ.
Positive	Guru Chinese mobile yen madodu
Positive	Ashwathvru badukiddaga saryagi nodkollalillva ivnu
Positive	Super movie 🤩
Positive	ಇದು ನಿಜಾವಾಗಿಯೂ ಚರಿತ್ರೆ ಸೃಷ್ಟಿಸೋ ಅವತಾರ
Positive	Pakka guru same feelingu
Positive	Share link maximum
Positive	Song Karnatakadalli ella hero fans film node nodtare but pls bere languages lli promotion madi
Positive	Super togari tippa
Positive	Super guru neevu
Positive	@Nandi Parthasarathi gottu Neenu cheeti tulla fan antha change madbeda
Positive	I love u appaji
Positive	Movie chindi chitranna best movie ever
Positive	Kithodnan maklu galu. Alli saytha edare  elli yak madbeku uninstall madbeku anthare. Gandu galu
Positive	Hindi version Elli ide guru
Positive	Supar sangs ..
Positive	ಕನ್ನಡ ಸಿನೆಮಾ ಕೆ ಮತ್ತೊಂದು ಗರಿ
Positive	ಚೈನಾ ಟಿಕ್ ಟಾಕ್ ಯೂಸ್ ಮಾಡ್ಕೊಂಡು ಚೈನಾ ಬಗ್ಗೆ
Positive	Nija helbekandre ee song yako sync aagtilla movie trailer type ge....
Positive	@Kushal MR nin kano bvc jaatrr
Positive	Osm voice sir
Positive	ಚಂದನ್ ಶೆಟ್ಟಿ ಟ್ರೊಲ್ ವಿಡಿಯೋ ನೀವು ನೋಡಿ ನೆಗಡ್ಡೆ ಇದ್ರೆ ನಾವ್ ಗ್ಯಾರಂಟಿ
Positive	This year watch ondu shikariya kathe
Positive	ಯಾರ ಯಾರ 300k ಲೈಕ್ಸ್ ಗೆ ವೈಟಿಂಗ್n
Positive	@Entertainment Gaming ನಂಗೆ ಎಲ್ಲೋ ಕಾಣಿಸ್ತಾ ಇಲ್ವೇ ಇಲ್ಲ
Positive	Very nice togari tippa stori
Positive	Houdu Ri Promote Matadbeku
Positive	@amithkumar D boss fan kanda adhu bale alla kadga..yeshte adru d boss obba g*avne ge bari local (gare kelsdavru
Positive	ಹಿಂದಿ song innu yake relise agilla
Positive	@sumit patil KGF
Positive	@Bharathraj T B kitkobekaste ninu bandi nandu
Positive	ಡಿ ಬಾಸ್ ಫ್ಯಾನ್ಸ್ ಕಡೆಯಿಂದ ಆಲ್ ದ ಬೆಸ್ಟ್ ಮೂವಿ
Positive	I like good job
Positive	#DBOSS  ದರ್ಶನ್ ಅಣ್ಣನ ಅಭಿಮಾನಿಗಳ ಕಡೆ ಇಂದ All the best
Positive	Agreed virat kohli looks
Positive	i love rakshit anna. super movie sule rasmika mandan ge chappali le hodibeku
Positive	Unlike madiroru bevarsigalu.
Positive	ಕಿರಣ್ ಶಾಲಿ... ಇಲ್ಲಿ ಕೊಟ್ಟಿದೀನಿ ನೋಡು ಈ ಲಿಂಕ್  ಕ್ಲಿಕ್ ಮಾಡು
Positive	Anjali Devi   b  avinash  achari
Positive	ಬೀದಿ ಕಸ ಗುಡಿಸಿ ತನ್ನ ಮಕ್ಕಳನ್ನ IAS
Positive	Wow exlent verry new dfrent yellu kelilla nodilla danyavadagalu
Positive	Super... Super... Super...
Positive	Innu aagilva tiktok ban
Positive	Adre niv suprb bro
Positive	@Dhee Pu kannada bhashe Sanskrit bhasheyinda sakastu padagalannu eravalu(badige)padedukondide.aaddarinda anthaha padagalannu balasuvudaralli tappenilla
Positive	@Nandi Parthasarathi ನಂದಿನಿ ನಂದಿನಿ ನಿನ್ ಶಾಟ ವಾಸ್ನಿ
Positive	ಪ್ರಾಣಿಯ ಶಿಕಾರಿ ಅಲ್ಲ ಅಂತ ತಿಳಿಯುತ್ತೆ.. ಯಾವ ಶಿಕಾರಿ.. ಕಾದು ನೋಡಬೇಕಾಗಿದೆ superb trailer..
Positive	ONDU LIKES ELLA
Positive	@Creative Kannadiga eno ond bid guru..nin maat keltirode chandaa....Aden matadtiya brochindi bro keep roasting
Positive	Jai rakshith shetty
Positive	Dislike madiroro rashmika fans irbeku
Positive	Wwwwso Super rakshit boss nim name nange tumbanee ista hagee nim movinu istanee nnnnnn
Positive	@DILL DULL ಆತರ ಏನಿಲ್ಲ ಸಾಂಗ್ ಸೂಪರ್ ಆಗ ಇದೇ slow ಪೊಯ್ಸನ್
Positive	Superb song..superb making love you Rakshith sir..
Positive	Super fantastic bro
Positive	RIP to those 28k dislikers
Positive	Movie releaseagli guru
Positive	Thankz bro troll alla bro Roast
Positive	ಹೊಸ ಪ್ರಯತ್ನ ಚೆನ್ನಾಗಿದೆ
Positive	ಸುಪರ್ ಮಚ್ಚ್ ಕಡಚ ಚೀನಾ ರಂಡಿಮಕ್ಕಳಿಗೆ ತಕ್ಕ ವೀಡೀಯೋ  ....ಜೈ ಹಿಂದ್
Positive	Obba nata driver ägiddaru adakkintha obba driver natarägiddàre annothe HEMME.
Positive	Pandavaru mamsa tinthidra
Positive	Super super super super super super super super super super super super super super super super
Positive	All industries are going hands up.. 27kke avanu bandaga
Positive	Bindu gowda  ನಿನಗೆ ಹೇಳ್ತಿನಿ ಕೇಳು tiktok ಮಾಲೀಕ ನಿಂಮತವರಿಗೆ ಅಂತಾನೆ ಈ app ಮಾಡಿದ್ದಾನೆ ಕೆಲಸ ಇಲ್ಲದೆ ಕಾಲಿ ಇರೋರಿಗೆ ಅಂತ ನಮ್ಮ ದೇಶಕ್ಕೊಸ್ಕರ ಒಂದ app delete ಮಾಡೋಕೆ ಆಗಲ್ಲ ಅಂದ್ರೆ ನಿನಗೆ ತೂ
Positive	Sir Nimm Mathininda Navu Kalibeku Agirodu Ennu Thumba Ede.....nTqq U So Much...nHelth Na Channagi Nodkoli Sir...nGod Bless You
Positive	ಮೊಬೈಲ್ ಅಲ್ಲಿ ಮೂವೀ ನ ಬಿಟ್ಟಿದ್ದಾರೆ ಥಿಯೇಟರ್ ಗೆ ಯಾರ್ ಬರ್ತಾರೆ. ನಾನ್ ಮೊಬೈಲ್ ಅಲ್ಲೇ 2 ಟೈಮ್ ನೋಡ್ದೆ
Positive	ಗುರು ನಿನಗೆ ಧನ್ಯವಾದಗಳು
Positive	Hands Up songnH i n d i . . .
Positive	Appani huttida video guru super
Positive	ತೊಗರಿ ತಿಪ್ಪ ಸೂಪರ್ ಸ್ಟಾರ್
Positive	Super song  kannada
Positive	E film yarigella ista agide..
Positive	@Kirankumarkk Gowda ninanthra elllide kithakoke..mathe trimer chahrge ulsakke ee gimicks.sule magne
Positive	Now karabu is most liked song
Positive	Super hit song in kannada
Positive	Super  sar
Positive	Adhi... Sprb acting. Olle avakashagalu sigli nimge. Idi team gu olled agli
Positive	Cinema sakkathagide guru
Positive	Swag se swagat
Positive	ಪ್ರಚಾರ ಇಲ್ಲದ ಕಾರಣ ನಮಗೆ ಒಳ್ಳೆಯ ಚಿತ್ರ ನೋಡಲು ಅವಕಾಶ ಆಗಲಿಲ್ಲ.
Positive	Anna e game yavudu
Positive	I like it
Positive	Anyone after trending 🤚
Positive	Sandalwoodnalli  dhamaka mado avatara start agalide.
Positive	Super bro
Positive	WhatsApp Mumbai Bazar group
Positive	ರಾಜಕಾರಣಿ ಗಳಿಂದ ನಮ್ಮ ದೇಶ ಹಾಳಾಗಿದೆ Brother...
Positive	Anjali Devi ಊಟ
Positive	ಇದೇ ಥರ ಕನ್ನಡ  ಚಲನಚಿತ್ರಗಳು ಚರಿತ್ರೆ ಸೃಷ್ಟಿಸಲಿ ಇದೆ ಚರಿತ್ರೆ ಸೃಷ್ಟಿಸುವ ಅವತಾರ  ಅವನೇ ಶ್ರೀಮನ್ ನಾರಾಯಣ
Positive	No bro y u asking  sorry
Positive	@F M S rakahith is shit man
Positive	ಮುಂದೆ ರೆಕಾರ್ಡ್ ಮಾಡುತ್ತೆ ಈ ಮೂವಿ
Positive	Ossam ASN Super song
Positive	Super Kati sir keli bala Varsha agittu namaskar shambhu sir
Positive	Super trailer
Positive	Thank you bro
Positive	Boss akkun bidbede roste madi
Positive	Nivu heliddu nija
Positive	Shetre shoku aathnd..
Positive	ಸೂಪರ್ ಅಜನಿಷ್ ಲೋಕನಾಥ್ ಬೆಲ್ ಬಾಟಮ್ ನಲ್ಲಿ ಏತಕೆ ಬೊಗಸೆ ತುಂಬಾ  ಇಂದು ಹೆಂಡಸಾಪ್ yuwar music ಸೂಪರ್
Positive	@s.g. mathapati k
Positive	@christ anil nimmappa alvenro
Positive	Gud job  nim nirdharakke nimma kelasakke Namma gowrava namaskara. kanditha nimge olle role kodo buddi nirdeshakarige  haagu kannda industry ge barabeku...
Positive	@Manohar Hiremath ನೋಡುದ್ರೆ ಗೊತ್ತಾಗಲ್ವ ಎಷ್ಟು ಉರ್ಕೊಂಡಿದ್ದೀಯ
Positive	It is vvvvvvvvvsuper
Positive	ಸೂಪರ್ ಗುರು
Positive	@Lemon & are you from odissa?
Positive	Super super super
Positive	Anna nin super anna
Positive	Super bro. Im happy
Positive	Amazing film.. .. .. .. .. .. .. .
Positive	@prithvi nayak ನಿಮ್ಮ ಅವ್ವುನ್ ಹತ್ರಾ ಹೋಗು ಕೊಡ್ತಾಳೆ ತಿಕಾ ನಾ
Positive	Like madok agila andru parvagila......yaru dislike madbedi...
Positive	ಅದ್ಬುತವಾಗಿದೆ ಅವನೇ ಶ್ರೀಮನ್ನಾರಾಯಣ ಚಿತ್ರದ ಹಾಡು ಹ್ಯಾಂಡ್ಸಪ್
Positive	Last scene nali spoon ogediddu Rishab shetty na?
Positive	Number 1 movie
Positive	Boring agidre All India Trending agtirlilla🤣
Positive	Pls put it in jio saavn music
Positive	ಈ ಹಾಡು ಚರಿತ್ರೆ ಸೃಷ್ಟಿಸುತ್ತೆ ಅನ್ನೋರು ಲೈಕ್ ಮಾಡಿ
Positive	೨೫ ವರ್ಷಗಳ ಹಿಂದಕ್ಕೆ ಕರೆದೊಯ್ದು ಬಿಸಾಕಿ ಬಿಟ್ಟಿತು ಈ ಕಥೆ
Positive	ನಮ್ಮ ದೇಶದಲ್ಲಿ ಇದ್ದು ನಮ್ಮ ದೇಶದ ಅನ್ನ ತಿಂದು ಬೇರೆ ದೇಶಕ್ಕೆ ಲಾಭ ಮಾಡ್ತಾ ಇದೀರಾ ನಾಚಿಕೆ ಆಗಬೇಕು ಹಿಂತವರಿಗೆ
Positive	Prudvi supar acting sakkat suuuuuupar film
Positive	Namma yalla sarkara nu hage ide bidi..
Positive	Bhai koi mysore se hai ky comment krre
Positive	@Praveen M V
Positive	Hands up ಇವ ಚರಿತ್ರೆ ಸೃಷ್ಟಿಸೋ ನಾರಾಯಣ
Positive	ಸುಂದರ ಕಲ್ಪನೆಯ ಹಾಸ್ಯ ಪ್ರಸಂಗಗಳು.nಡಾ. ಶಂಭು ಬಳಿಗಾರರ ಹೇಳುಗಾರಿಕೆ ಜನಮೆಚ್ಚುವಂಥದ್ದು.
Positive	Superb rakshit sir sobg superb macking
Positive	Super Film sir account number kodi amount hakabeku nijavgalu
Positive	Yav Ree dislike kodoru kannada movies belibek fist kannada next hero's elru nammavare...
Positive	Hamsalekha feel yarige bantu like madi...
Positive	@TROLL MONSTER_KANNADA nin Amman sule maga me Yello majestic Alli
Positive	ಹೌದು ಹುಲಿಯಾ 🤣🤣
Positive	I hope salmaan vai didn't watch it
Positive	Di(A)di nHuge fan from nTamilnadu
Positive	@Venu real life llu haage iddidre accept madabahuditthuu alvaa.. !!!nEspecially obba natananna thumbaa abhimaanigalu fallow maadthaare so avru nija jeevanadallu  maadhari aagirabeke vinaha thappu madbaardu alvaa baree film lli maathra hero aagidre saaladuu real life llu kooda hero agirbeku aaga avaru obba nijavaada  manushya aagoke saadhya... !!!
Positive	Idu charitre srushtiso cinemanee...
Positive	Superbb movie osm evthu movie nodied super
Positive	Mutturaj Melageri and
Positive	AGT-KELU (KANNADA RAP 2019)
Positive	Nija kano adhu...neevgalu kathe katkondirodu...alla alla antha....
Positive	Super singing by Vijay Prakash...
Positive	Super brother.           Rajakiya laba yenidide    ano yochane
Positive	traditional man in Karnataka
Positive	ban tik tok
Positive	ಸಾಹಿತ್ಯಗಾರರ ಕನ್ನಡನಾಡಿನಲ್ಲಿ ಸಾಹಿತ್ಯವನ್ನ ಅಚ್ಚ ಕನ್ನಡದಲ್ಲಿ ಬರೆದಿರುವ ಅ ಸಾಹಿತ್ಯಗಾರ ಯಾರು ಅಂತ ನನಗೆ ಗೊತ್ತಿಲ್ಲ ಆದರೆ ತುಂಬಾ ಸೊಗಸಾಗಿದೆ ಸಾಂಗ್
Positive	Best song....
Positive	Albedi sir  novaaguthe sir Neev albaardu
Positive	ಅಪ್ಪು ಅಭಿಮಾನಿಗಳು ಲೈಕ್.. ಮಾಡ್ರೋ 🤗
Positive	ಗುರು .. ಉಪೇಂದ್ರ ಅವರ Dialog....  Super
Positive	ಕುಮಾರವ್ಯಾಸ ಅಂದರೆ ಗದುಗಿನ ನಾರಣಪ್ಪ ನವರ ಬಗ್ಗೆ ಅಭ್ಯಾಸ ಮಾಡಿ
Positive	ಯಾದಗಿರಿ ಜಿಲ್ಲಾ ಶಾಪುರ್ ತಾಲ್ಲೂಕು ಡಿ ಬಾಸ್ ಅಭಿಮಾನಿಗಳು   ಕಡೆಯಿಂದ ಪ್ರಜ್ವಲ್ ದೇವರಾಜ್ ಮೂವಿ ಜೆಂಟಲ್ಮ್ಯಾನ್ all theಬೆಸ್ಟ್ ಸೂಪರ್ ಟ್ರೈಲರ್
Positive	@sujith naik tale mel hodiyoda ond kudlunu kithkollok agalla
Positive	Love u sir
Positive	Nivu thumba super
Positive	Even me I like the step
Positive	sakath bro
Positive	Super sir
Positive	ತುಂಬಾ  ಚೆನ್ನಾಗಿದೆ ಟ್ರಯ್ಲರ್ ಲುಕ್ ತುಂಬಾ  ಚೆನ್ನಾಗಿದೆ ಸೂಪರ್  ಒಳ್ಳೆಯದಾಗಲಿ
Positive	ಜಂಟಲ್ ಮ್ಯಾನ್ ಟ್ರೈಲರ್ ತುಂಬಾ ಅದ್ಭುತವಾಗಿ ಮೂಡಿ ಬಂದಿದೆ ಎಲ್ಲರೂ ನೋಡಿ ತಪ್ಪದೇ ಶೇರ್ ಮಾಡಿ ಜೆಂಟಲ್ ಮ್ಯಾನ್ ಚಿತ್ರ ತಂಡದವರಿಗೆ ಸಪೋರ್ಟ್ ಮಾಡಿn
Positive	Vp sir super singing
Positive	oba mele hogutidane andre navanige melle hogokke sahay madobadallu avan kalu aledu kelage billisoke nodo janare nammalijas
Positive	Harsith venktesh yake comedy anusathva... Kastadalli idhavarige help maadi punya siguthe
Positive	Super lines bro
Positive	Super song.i am d boss fan
Positive	bro ನಿನ ಹತ್ರ ಏನಾದರೂ idea idre ಹೇಳಬಹುದು alva ?
Positive	SHYATA YASH
Positive	ಸೂಪರ್ ಜೈ ಡಿ ಬಾಸ್
Positive	Super songs from
Positive	@Nanjunda Rao
Positive	Super guru
Positive	youtu.be/C3... nnಇದು ಚರಿತ್ರೆ ಸೃಷ್ಟಿಸೋ ಅವತಾರnಅವನೇ ಶ್ರೀಮನ್ ನಾರಾಯಣ nnHands up!! n#ASN
Positive	Pakka movie channagirutte..nN suspense movie for sure
Positive	Ulti music ajanish sir
Positive	ಇದು ಚರಿತ್ರೆ ಸೃಷ್ಟಿಸೋ ಅವತಾರ......🤙🤙
Positive	He is like NTR nNTR FANS SUPPORT HIM ALWAYS nRIKSHT SHETTY AWESOME
Positive	S sir niv helid not ja
Positive	D.boss kade inda dodda wel come madtivi
Positive	Super  rakasith  sir
Positive	Dislike maddavrige en helbeku
Positive	Ending nalli looti heg sikthu avnge.. movie nalli thorsode illa ..
Positive	ರಂಗೇರಿದೆ ಮಾಯಜಾಲ ಅನುಭವಿಸು ಓ ಪ್ರೇಕ್ಷಕನೇ...nnnಇದು ಚರಿತ್ರೆ ಸೃಷ್ಟಿಸೋ ಅವತಾರ....ಅವನೇ ಶ್ರೀಮನ್ನಾರಾಯಣ...nRakshit Shetty's Brilliance.
Positive	theatre alli nodokke nangu esta.theatre alli movie ella andre henge nodokke agutte.nimhantavare theatre alli nodirtiro elvo yarigottu.tilkondu matadi sir  @Nuthesh Naik
Positive	ಒಂದು Angle ನಲ್ಲಿ ನೋಡಿದ್ರೆ ಚೀನಾ ಕಮ್ಯುನಿಸ್ಟ್ ಪಕ್ಷಗಳು ಬೆಸ್ಟ್
Positive	Sir avrudu bhashe yavdu a doctor bali yav bhashe matanadid ?
Positive	In ond trip nodbeku but but sinama chenge madbittru olle movi ge olle respans illa Nam karnatakadalli
Positive	Supeeeeeeeeeeeeeeeer  .................. nam ajjii held nenap
Positive	ಭಗವಂತ ನಿಮ್ಮನ್ನು  ಮತ್ತು ನಿಮ್ಮ ಕುಟುಂಬವನ್ನು ಸದಾಕಾಲ ಕಾಪಾಡಲಿ.... ಒಳ್ಳೆಯವರಿಗೆ ಒಳ್ಳೆಯದೇ ಆಗುತ್ತದೆ....
Positive	Karnatakakke bandaddela sullu swami swalpa reel biduvaga alochane maadi bidu
Positive	ಡಿ ಬಾಸ್ ಅಭಿಮಾನಿಗಳಿಂದ All the best
Positive	abba en song Superrr
Positive	ಈ ಕಾಲದಲ್ಲಿ ಒಳ್ಳೆತನಕ್ಕೆ ಬೆಲೆ ಇಲ್ಲ ಮತ್ತೆ ಗೆಲ್ಲುವುದು ಹೇಗೆ
Positive	ಸೆಕ್ಸ್ ಸೆಕ್ಸ್ ಸೆಕ್ಸ್ ವೀಡಿಯೋಸ್
Positive	Ho guru adu pubg alla  adu yav game antha modlu thilko ninu
Positive	Signature steps awesome...pakka...# tag agthe
Positive	Ennu.   Madu. Guru eee sule magllu du. Troll. Na
Positive	@Nandi Parthasarathi nimma yashini boobs gojjekesari acting ge Oscar award fix
Positive	En helde guru it's true
Positive	Olledu ond pan India movie madro sumne yak eneno madkondu...
Positive	Sahitya kararige shata shata namana
Positive	Tamil fan super movid
Positive	Nkana nava gothala issur hudugaru
Positive	Sanskrit language bro....
Positive	ಕೆ ಜಿ ಎ ಪ್ ಮುಗಿದ ಮಾೄಲ ಇದ  ಕನಡದ ಛರಿತ್ರೇ ಸಿನಿಮಾ
Positive	Sir nivu bhal chennag matadtiri.all d best ...
Positive	Nijvaaglu sir.olle information kottidiri
Positive	Super.. I ತರಹದ song ಕೇಳಿ ತುಂಬಾ ದಿನ ಆಯ್ತು
Positive	ಹಾಡಿನ ಫುಲ್ ಅವನೇ ಶ್ರೀಮನ್ ನಾರಾಯಣ ಇದಾನೆ(ಶ್ರೀ ಕೃಷ್ಣ) ಅವನ ತತ್ವ ಗಳೇ ಇದಾವೆ....ಲಿರಿಕ್ಸ್ BGM ಅಂದ್ರೆ ಇದು
Positive	Super ulti song
Positive	@shivanand medegar ಅಲ್ಲಿ ಕೂಡ ಕೆಲಸ ನಡೆಯುತ್ತಿದೆ 🤣🤣🤣
Positive	ಈ ಸಿನಿಮಾ ಹೊಸ ಚರಿತ್ರೆ  ಬರೆಯುತ್ತೆ  ಅನ್ನೋರು ಲೈಕ್ ಕೊಡಿ
Positive	Hindustani bhau timing
Positive	@Its Paramatma sumne irappa loss agoke avar en bikari Ella...neev olle Thukali Build up kodta idira sumne
Positive	@Sudeep K N
Positive	Nam boss avru Nam boss ivru antha kachadtirornella onde kade  sersi maja kodone shree mannarayan
Positive	Nagarjuna avaru lyrics bardirodhu!!
Positive	Neen build up films nodkindu irappa..illi yake bande..?
Positive	Bro ur voice NYC bro
Positive	Super #dboss fans
Positive	Tamate song matra amazing.
Positive	4 ಜನ ಇರುವ ಈ ಸಿನಿಮಾ ..4 ಕೋಟಿ ಕನ್ನಡ ಸಿನಿಮಾ ಪ್ರೇಕ್ಷಕರಿಗೆ ತಲುಪಲಿ ...ದೀಯಾ ಸಿನಿಮಾ ಅದ್ಬುತವಾಗಿದೆ ...
Positive	ಈ ಒಂದ್ ಸಾಂಗ್ ಸಾಕು ಬುಡು ಗರು ನೀನ್ ಗೆದ್ದೆ jai @rakshith shetty
Positive	ಸಾರ್ ಈ ಮೂವಿ ಪಕ್ಕ ಚರಿತ್ರೆ ಸೃಷ್ಟಿ ಮಾಡುತ್ತೆ . ಕರುನಾಡ ಕಲಾ ಕೇಸರಿ ಚಾಲೆಂಜಿಂಗ್ ಸ್ಟಾರ್ ಡಿ ಬಾಸ್ ಅಭಿಮಾನಿಗಳ ಕಡೆಯಿಂದ ಆಲ್ ದ ಬೆಸ್ಟ್
Positive	@10 R neen hange badko avaginda yaavno balegaara ante avn hesr badkothiddiya.. hogi aa balegaaran tunne unn hogu... Sumne harkollodalla
Positive	Super song
Positive	@Ranjith think madirlilla
Positive	ಇದು ಚರತ್ರೆ ಸೃಷ್ಟಿಸೂೋ ಅವತಾರ ............
Positive	Ondu olle movie na theater nalli nodoke miss maadkonde......
Positive	Super song Ŕákśhíťh. Bãï
Positive	@KICCHA DHF n
Positive	@Ranganath S yes
Positive	ಟಿಕ್ ಟಾಕ್ ಜೊತೆಗೆ ಚೈನೀಸ್ ಪ್ರೊಡೊಕ್ಟ್ ಎಲ್ಲಾನು ಬ್ಯಾನ್ ಮಾಡಬೇಕು
Positive	Ajanish sir superb music
Positive	and rocking star fans also
Positive	Proper promotion maadila sir
Positive	Thu thukali trailer
Positive	Siri gannadam galge haakbitallapa Thu  yaro ninu lo gelge Kano adhu
Positive	ನಾವೇನಾದರು ಸ್ವಾಬಿಮಾನಿಯಾಗಿ ಬದುಕನ್ನು ಕಟ್ಟಿಕೊಳ್ಳಲು ನಿಮ್ಮನ್ನು ನೋಡಿ ಕಲಿಯಬೇಕು ಸಾರ್ ನಮಗೆ ನಿಮ್ಮಂತವರು ಸ್ಪುರ್ತಿ
Positive	ದಿಯಾ ನೀವು ಸೋಷಿಯಲ್ ಮೀಡಿಯಾ ಅಲ್ಲಿ ಕಾಣ್ತಿಲ್ಲ.nದಯವಿಟ್ಟು ಪ್ರತಿಕ್ರಿಯಿಸಿ
Positive	magaluru kade kalsi avanannu .navu avanige maddu kodthive.
